names = [
  "wall1",
  "wall2",
  "wall3",
  "wall4",
  "wall5",
  "wall6",
  "wall7",
  "wall8",
  "wall9",
  "wall10",
  "wall11",
  "wall12",
  "wall13",
  "wall14",
  "wall15",
  "wall16",
  "wall17",
  "wall18",
  "wall19",
  "wall20",
  "wall21",
  "wall22",
  "wall23",
  "wall24",
  "wall25",
  "wall26",
  "wall27",
  "wall28",
  "wall29",
  "wall30",
  "wall31",
  "wall32",
  "wall33",
  "wall34",
  "wall35",
  "wall36",
  "wall37",
  "wall38",
  "wall39",
  "wall40",
  "wall41",
  "wall42",
  "wall43",
  "wall44",
  "outerBWall",
  "outerRWall",
  "outerTWall",
  "outerLWall",
  "side_wall1",
  "side_wall2",
  "side_wall3",
  "side_wall4",
  "side_wall5",
  "side_wall6",
  "side_wall7",
  "side_wall8",
  "side_wall9",
  "side_wall10",
  "side_wall11",
  "side_wall12",
  "side_wall13",
  "side_wall14",
  "side_wall15",
  "side_wall16",
  "side_wall17",
  "side_wall18",
  "side_wall19",
  "side_wall20",
  "side_wall21",
  "side_wall22",
  "side_wall23",
  "side_wall24",
  "side_wall25",
  "side_wall26",
  "side_wall27",
  "side_wall28",
  "side_wall29",
  "side_wall30",
  "side_wall31",
  "side_wall32",
  "side_wall33",
  "side_wall34",
  "side_wall35",
  "side_wall36",
  "side_wall37",
  "side_wall38",
  "side_wall39",
  "side_wall40",
  "side_wall41",
  "side_wall42",
  "side_wall43",
  "side_wall44",
  "side_outerBWall",
  "side_outerRWall",
  "side_outerTWall",
  "side_outerLWall",
  "top_wall1",
  "top_wall2",
  "top_wall3",
  "top_wall4",
  "top_wall5",
  "top_wall6",
  "top_wall7",
  "top_wall8",
  "top_wall9",
  "top_wall10",
  "top_wall11",
  "top_wall12",
  "top_wall13",
  "top_wall14",
  "top_wall15",
  "top_wall16",
  "top_wall17",
  "top_wall18",
  "top_wall19",
  "top_wall20",
  "top_wall21",
  "top_wall22",
  "top_wall23",
  "top_wall24",
  "top_wall25",
  "top_wall26",
  "top_wall27",
  "top_wall28",
  "top_wall29",
  "top_wall30",
  "top_wall31",
  "top_wall32",
  "top_wall33",
  "top_wall34",
  "top_wall35",
  "top_wall36",
  "top_wall37",
  "top_wall38",
  "top_wall39",
  "top_wall40",
  "top_wall41",
  "top_wall42",
  "top_wall43",
  "top_wall44",
  "top_outerBWall",
  "top_outerRWall",
  "top_outerTWall",
  "top_outerLWall",
  "inner"
]


inner = [
  [-0.66655, -0.68924, 0 , 1],
  [-0.66655, 0.66555, 0,  1],
  [0.6885, -0.68924, 0,  1],
  [0.6885,  0.66555,0, 1],
]
wall1 =[[ -0.5333 , 0, -0.66694 , 1],
[ -0.5333 , 0, -0.5337 , 1],
[ -0.511 , 0, -0.66694 , 1],
[ -0.511 , 0, -0.5337 , 1]]
wall2 =[[ -0.40005 , 0, -0.556 , 1],
[ -0.40005 , 0, -0.5337 , 1],
[ -0.111 , 0, -0.556 , 1],
[ -0.111 , 0, -0.5337 , 1]]
wall3 =[[ -5e-05 , 0, -0.556 , 1],
[ -5e-05 , 0, -0.5337 , 1],
[ 0.1555 , 0, -0.556 , 1],
[ 0.1555 , 0, -0.5337 , 1]]
wall4 =[[ 0.26645 , 0, -0.66694 , 1],
[ 0.26645 , 0, -0.5337 , 1],
[ 0.28875 , 0, -0.66694 , 1],
[ 0.28875 , 0, -0.5337 , 1]]
wall5 =[[ 0.26645 , 0, -0.556 , 1],
[ 0.26645 , 0, -0.5337 , 1],
[ 0.5555 , 0, -0.556 , 1],
[ 0.5555 , 0, -0.5337 , 1]]
wall6 =[[ -0.40005 , 0, -0.556 , 1],
[ -0.40005 , 0, -0.267 , 1],
[ -0.37775 , 0, -0.556 , 1],
[ -0.37775 , 0, -0.267 , 1]]
wall7 =[[ -0.5333 , 0, -0.42275 , 1],
[ -0.5333 , 0, -0.40045 , 1],
[ -0.2445 , 0, -0.42275 , 1],
[ -0.2445 , 0, -0.40045 , 1]]
wall8 =[[ -5e-05 , 0, -0.2895 , 1],
[ -5e-05 , 0, -0.2672 , 1],
[ 0.1555 , 0, -0.2895 , 1],
[ 0.1555 , 0, -0.2672 , 1]]
wall9 =[[ -5e-05 , 0, -0.556 , 1],
[ -5e-05 , 0, -0.2672 , 1],
[ 0.02225 , 0, -0.556 , 1],
[ 0.02225 , 0, -0.2672 , 1]]
wall10 =[[ 0.13295 , 0, -0.42275 , 1],
[ 0.13295 , 0, -0.40045 , 1],
[ 0.555 , 0, -0.42275 , 1],
[ 0.555 , 0, -0.40045 , 1]]
wall11 =[[ 0.13295 , 0, -0.42275 , 1],
[ 0.13295 , 0, -0.2672 , 1],
[ 0.15525 , 0, -0.42275 , 1],
[ 0.15525 , 0, -0.2672 , 1]]
wall12 =[[ -0.64425 , 0, -0.2895 , 1],
[ -0.64425 , 0, -0.2672 , 1],
[ -0.511 , 0, -0.2895 , 1],
[ -0.511 , 0, -0.2672 , 1]]
wall13 =[[ 0.39945 , 0, -0.42275 , 1],
[ 0.39945 , 0, 0.2658 , 1],
[ 0.42175 , 0, -0.42275 , 1],
[ 0.42175 , 0, 0.2658 , 1]]
wall14 =[[ 0.26645 , 0, -0.2895 , 1],
[ 0.26645 , 0, -0.13395 , 1],
[ 0.28875 , 0, -0.2895 , 1],
[ 0.28875 , 0, -0.13395 , 1]]
wall15 =[[ 0.53295 , 0, -0.2895 , 1],
[ 0.53295 , 0, -0.2672 , 1],
[ 0.6662 , 0, -0.2895 , 1],
[ 0.6662 , 0, -0.2672 , 1]]
wall16 =[[ -5e-05 , 0, -0.15625 , 1],
[ -5e-05 , 0, -0.13395 , 1],
[ 0.28875 , 0, -0.15625 , 1],
[ 0.28875 , 0, -0.13395 , 1]]
wall17 =[[ -0.5333 , 0, -0.15625 , 1],
[ -0.5333 , 0, -0.13395 , 1],
[ -0.11125 , 0, -0.15625 , 1],
[ -0.11125 , 0, -0.13395 , 1]]
wall18 =[[ 0.39945 , 0, -0.15625 , 1],
[ 0.39945 , 0, -0.13395 , 1],
[ 0.555 , 0, -0.15625 , 1],
[ 0.555 , 0, -0.13395 , 1]]
wall19 =[[ -0.40005 , 0, -0.15625 , 1],
[ -0.40005 , 0, 0.5323 , 1],
[ -0.37775 , 0, -0.15625 , 1],
[ -0.37775 , 0, 0.5323 , 1]]
wall20 =[[ -0.1333 , 0, -0.556 , 1],
[ -0.1333 , 0, 0.13255 , 1],
[ -0.111 , 0, -0.556 , 1],
[ -0.111 , 0, 0.13255 , 1]]
wall21 =[[ -5e-05 , 0, -0.15625 , 1],
[ -5e-05 , 0, 0.2658 , 1],
[ 0.02225 , 0, -0.15625 , 1],
[ 0.02225 , 0, 0.2658 , 1]]
wall22 =[[ -0.64425 , 0, -0.023 , 1],
[ -0.64425 , 0, -0.0007 , 1],
[ -0.511 , 0, -0.023 , 1],
[ -0.511 , 0, -0.0007 , 1]]
wall23 =[[ -0.2668 , 0, -0.023 , 1],
[ -0.2668 , 0, 0.64325 , 1],
[ -0.2445 , 0, -0.023 , 1],
[ -0.2445 , 0, 0.64325 , 1]]
wall24 =[[ 0.13295 , 0, -0.023 , 1],
[ 0.13295 , 0, -0.0007 , 1],
[ 0.42175 , 0, -0.023 , 1],
[ 0.42175 , 0, -0.0007 , 1]]
wall25 =[[ 0.13295 , 0, -0.023 , 1],
[ 0.13295 , 0, 0.13255 , 1],
[ 0.15525 , 0, -0.023 , 1],
[ 0.15525 , 0, 0.13255 , 1]]
wall26 =[[ 0.5327 , 0, -0.023 , 1],
[ 0.5327 , 0, -0.0007 , 1],
[ 0.6662 , 0, -0.023 , 1],
[ 0.6662 , 0, -0.0007 , 1]]
wall27 =[[ 0.5327 , 0, -0.023 , 1],
[ 0.5327 , 0, 0.13255 , 1],
[ 0.555 , 0, -0.023 , 1],
[ 0.555 , 0, 0.13255 , 1]]
wall28 =[[ -0.5333 , 0, 0.11025 , 1],
[ -0.5333 , 0, 0.13255 , 1],
[ -0.37775 , 0, 0.11025 , 1],
[ -0.37775 , 0, 0.13255 , 1]]
wall29 =[[ -0.1333 , 0, 0.11025 , 1],
[ -0.1333 , 0, 0.13255 , 1],
[ 0.02225 , 0, 0.11025 , 1],
[ 0.02225 , 0, 0.13255 , 1]]
wall30 =[[ -0.64425 , 0, 0.2435 , 1],
[ -0.64425 , 0, 0.2658 , 1],
[ -0.37775 , 0, 0.2435 , 1],
[ -0.37775 , 0, 0.2658 , 1]]
wall31 =[[ -0.2668 , 0, 0.2435 , 1],
[ -0.2668 , 0, 0.2658 , 1],
[ -0.111 , 0, 0.2435 , 1],
[ -0.111 , 0, 0.2658 , 1]]
wall32 =[[ 0.02225 , 0, 0.2435 , 1],
[ 0.02225 , 0, 0.2658 , 1],
[ 0.28875 , 0, 0.2435 , 1],
[ 0.28875 , 0, 0.2658 , 1]]
wall33 =[[ -0.1333 , 0, 0.2435 , 1],
[ -0.1333 , 0, 0.39905 , 1],
[ -0.111 , 0, 0.2435 , 1],
[ -0.111 , 0, 0.39905 , 1]]
wall34 =[[ 0.26645 , 0, 0.11025 , 1],
[ 0.26645 , 0, 0.39905 , 1],
[ 0.28875 , 0, 0.11025 , 1],
[ 0.28875 , 0, 0.39905 , 1]]
wall35 =[[ 0.39945 , 0, 0.2435 , 1],
[ 0.39945 , 0, 0.2658 , 1],
[ 0.6662 , 0, 0.2435 , 1],
[ 0.6662 , 0, 0.2658 , 1]]
wall36 =[[ -0.5333 , 0, 0.37675 , 1],
[ -0.5333 , 0, 0.64325 , 1],
[ -0.511 , 0, 0.37675 , 1],
[ -0.511 , 0, 0.64325 , 1]]
wall38 =[[ 0.26645 , 0, 0.37675 , 1],
[ 0.26645 , 0, 0.39905 , 1],
[ 0.55525 , 0, 0.37675 , 1],
[ 0.55525 , 0, 0.39905 , 1]]
wall37 =[[ -0.13355 , 0, 0.37675 , 1],
[ -0.13355 , 0, 0.39905 , 1],
[ 0.15525 , 0, 0.37675 , 1],
[ 0.15525 , 0, 0.39905 , 1]]
wall39 =[[ 0.13295 , 0, 0.37675 , 1],
[ 0.13295 , 0, 0.5323 , 1],
[ 0.15525 , 0, 0.37675 , 1],
[ 0.15525 , 0, 0.5323 , 1]]
wall40 =[[ 0.39945 , 0, 0.37675 , 1],
[ 0.39945 , 0, 0.5323 , 1],
[ 0.42175 , 0, 0.37675 , 1],
[ 0.42175 , 0, 0.5323 , 1]]
wall41 =[[ -0.13355 , 0, 0.51 , 1],
[ -0.13355 , 0, 0.5323 , 1],
[ 0.022 , 0, 0.51 , 1],
[ 0.022 , 0, 0.5323 , 1]]
wall42 =[[ -0.0003 , 0, 0.51 , 1],
[ -0.0003 , 0, 0.64325 , 1],
[ 0.022 , 0, 0.51 , 1],
[ 0.022 , 0, 0.64325 , 1]]
wall43 =[[ 0.13295 , 0, 0.51 , 1],
[ 0.13295 , 0, 0.5323 , 1],
[ 0.2885 , 0, 0.51 , 1],
[ 0.2885 , 0, 0.5323 , 1]]
wall44 =[[ 0.5327 , 0, 0.51 , 1],
[ 0.5327 , 0, 0.64325 , 1],
[ 0.55525 , 0, 0.51 , 1],
[ 0.55525 , 0, 0.64325 , 1]]
outerBWall =[[ -0.66655 , 0, -0.68924 , 1],
[ -0.66655 , 0, -0.66694 , 1],
[ 0.6885 , 0, -0.68924 , 1],
[ 0.6885 , 0, -0.66694 , 1]]
outerTWall =[[ -0.66655 , 0, 0.64325 , 1],
[ -0.66655 , 0, 0.66555 , 1],
[ 0.6885 , 0, 0.64325 , 1],
[ 0.6885 , 0, 0.66555 , 1]]
outerLWall =[[ -0.66655 , 0, -0.66694 , 1],
[ -0.66655 , 0, 0.64325 , 1],
[ -0.64425 , 0, -0.66695 , 1],
[ -0.64425 , 0, 0.64325 , 1]]
outerRWall =[[ 0.6662 , 0, -0.66694 , 1],
[ 0.6662 , 0, 0.64325 , 1],
[ 0.6885 , 0, -0.66694 , 1],
[ 0.6885 , 0, 0.64325 , 1]]

side_wall1= [[-0.5333, 0, -0.66694, 1], [-0.5333, 0.2, -0.66694, 1], [-0.511, 0, -0.66694, 1], [-0.511, 0.2, -0.66694, 1], [-0.511, 0, -0.5337, 1], [-0.511, 0.2, -0.5337, 1], [-0.5333, 0, -0.5337, 1], [-0.5333, 0.2, -0.5337, 1], [-0.5333, 0, -0.66694, 1], [-0.5333, 0.2, -0.66694, 1]]
top_wall1= [[-0.5333, 0.2, -0.66694, 1], [-0.5333, 0.2, -0.5337, 1], [-0.511, 0.2, -0.66694, 1], [-0.511, 0.2, -0.5337, 1]]
side_wall2= [[-0.40005, 0, -0.556, 1], [-0.40005, 0.2, -0.556, 1], [-0.111, 0, -0.556, 1], [-0.111, 0.2, -0.556, 1], [-0.111, 0, -0.5337, 1], [-0.111, 0.2, -0.5337, 1], [-0.40005, 0, -0.5337, 1], [-0.40005, 0.2, -0.5337, 1], [-0.40005, 0, -0.556, 1], [-0.40005, 0.2, -0.556, 1]]
top_wall2= [[-0.40005, 0.2, -0.556, 1], [-0.40005, 0.2, -0.5337, 1], [-0.111, 0.2, -0.556, 1], [-0.111, 0.2, -0.5337, 1]]
side_wall3= [[-5e-05, 0, -0.556, 1], [-5e-05, 0.2, -0.556, 1], [0.1555, 0, -0.556, 1], [0.1555, 0.2, -0.556, 1], [0.1555, 0, -0.5337, 1], [0.1555, 0.2, -0.5337, 1], [-5e-05, 0, -0.5337, 1], [-5e-05, 0.2, -0.5337, 1], [-5e-05, 0, -0.556, 1], [-5e-05, 0.2, -0.556, 1]]
top_wall3= [[-5e-05, 0.2, -0.556, 1], [-5e-05, 0.2, -0.5337, 1], [0.1555, 0.2, -0.556, 1], [0.1555, 0.2, -0.5337, 1]]
side_wall4= [[0.26645, 0, -0.66694, 1], [0.26645, 0.2, -0.66694, 1], [0.28875, 0, -0.66694, 1], [0.28875, 0.2, -0.66694, 1], [0.28875, 0, -0.5337, 1], [0.28875, 0.2, -0.5337, 1], [0.26645, 0, -0.5337, 1], [0.26645, 0.2, -0.5337, 1], [0.26645, 0, -0.66694, 1], [0.26645, 0.2, -0.66694, 1]]
top_wall4= [[0.26645, 0.2, -0.66694, 1], [0.26645, 0.2, -0.5337, 1], [0.28875, 0.2, -0.66694, 1], [0.28875, 0.2, -0.5337, 1]]
side_wall5= [[0.26645, 0, -0.556, 1], [0.26645, 0.2, -0.556, 1], [0.5555, 0, -0.556, 1], [0.5555, 0.2, -0.556, 1], [0.5555, 0, -0.5337, 1], [0.5555, 0.2, -0.5337, 1], [0.26645, 0, -0.5337, 1], [0.26645, 0.2, -0.5337, 1], [0.26645, 0, -0.556, 1], [0.26645, 0.2, -0.556, 1]]
top_wall5= [[0.26645, 0.2, -0.556, 1], [0.26645, 0.2, -0.5337, 1], [0.5555, 0.2, -0.556, 1], [0.5555, 0.2, -0.5337, 1]]
side_wall6= [[-0.40005, 0, -0.556, 1], [-0.40005, 0.2, -0.556, 1], [-0.37775, 0, -0.556, 1], [-0.37775, 0.2, -0.556, 1], [-0.37775, 0, -0.267, 1], [-0.37775, 0.2, -0.267, 1], [-0.40005, 0, -0.267, 1], [-0.40005, 0.2, -0.267, 1], [-0.40005, 0, -0.556, 1], [-0.40005, 0.2, -0.556, 1]]
top_wall6= [[-0.40005, 0.2, -0.556, 1], [-0.40005, 0.2, -0.267, 1], [-0.37775, 0.2, -0.556, 1], [-0.37775, 0.2, -0.267, 1]]
side_wall7= [[-0.5333, 0, -0.42275, 1], [-0.5333, 0.2, -0.42275, 1], [-0.2445, 0, -0.42275, 1], [-0.2445, 0.2, -0.42275, 1], [-0.2445, 0, -0.40045, 1], [-0.2445, 0.2, -0.40045, 1], [-0.5333, 0, -0.40045, 1], [-0.5333, 0.2, -0.40045, 1], [-0.5333, 0, -0.42275, 1], [-0.5333, 0.2, -0.42275, 1]]
top_wall7= [[-0.5333, 0.2, -0.42275, 1], [-0.5333, 0.2, -0.40045, 1], [-0.2445, 0.2, -0.42275, 1], [-0.2445, 0.2, -0.40045, 1]]
side_wall8= [[-5e-05, 0, -0.2895, 1], [-5e-05, 0.2, -0.2895, 1], [0.1555, 0, -0.2895, 1], [0.1555, 0.2, -0.2895, 1], [0.1555, 0, -0.2672, 1], [0.1555, 0.2, -0.2672, 1], [-5e-05, 0, -0.2672, 1], [-5e-05, 0.2, -0.2672, 1], [-5e-05, 0, -0.2895, 1], [-5e-05, 0.2, -0.2895, 1]]
top_wall8= [[-5e-05, 0.2, -0.2895, 1], [-5e-05, 0.2, -0.2672, 1], [0.1555, 0.2, -0.2895, 1], [0.1555, 0.2, -0.2672, 1]]
side_wall9= [[-5e-05, 0, -0.556, 1], [-5e-05, 0.2, -0.556, 1], [0.02225, 0, -0.556, 1], [0.02225, 0.2, -0.556, 1], [0.02225, 0, -0.2672, 1], [0.02225, 0.2, -0.2672, 1], [-5e-05, 0, -0.2672, 1], [-5e-05, 0.2, -0.2672, 1], [-5e-05, 0, -0.556, 1], [-5e-05, 0.2, -0.556, 1]]
top_wall9= [[-5e-05, 0.2, -0.556, 1], [-5e-05, 0.2, -0.2672, 1], [0.02225, 0.2, -0.556, 1], [0.02225, 0.2, -0.2672, 1]]
side_wall10= [[0.13295, 0, -0.42275, 1], [0.13295, 0.2, -0.42275, 1], [0.555, 0, -0.42275, 1], [0.555, 0.2, -0.42275, 1], [0.555, 0, -0.40045, 1], [0.555, 0.2, -0.40045, 1], [0.13295, 0, -0.40045, 1], [0.13295, 0.2, -0.40045, 1], [0.13295, 0, -0.42275, 1], [0.13295, 0.2, -0.42275, 1]]
top_wall10= [[0.13295, 0.2, -0.42275, 1], [0.13295, 0.2, -0.40045, 1], [0.555, 0.2, -0.42275, 1], [0.555, 0.2, -0.40045, 1]]
side_wall11= [[0.13295, 0, -0.42275, 1], [0.13295, 0.2, -0.42275, 1], [0.15525, 0, -0.42275, 1], [0.15525, 0.2, -0.42275, 1], [0.15525, 0, -0.2672, 1], [0.15525, 0.2, -0.2672, 1], [0.13295, 0, -0.2672, 1], [0.13295, 0.2, -0.2672, 1], [0.13295, 0, -0.42275, 1], [0.13295, 0.2, -0.42275, 1]]
top_wall11= [[0.13295, 0.2, -0.42275, 1], [0.13295, 0.2, -0.2672, 1], [0.15525, 0.2, -0.42275, 1], [0.15525, 0.2, -0.2672, 1]]
side_wall12= [[-0.64425, 0, -0.2895, 1], [-0.64425, 0.2, -0.2895, 1], [-0.511, 0, -0.2895, 1], [-0.511, 0.2, -0.2895, 1], [-0.511, 0, -0.2672, 1], [-0.511, 0.2, -0.2672, 1], [-0.64425, 0, -0.2672, 1], [-0.64425, 0.2, -0.2672, 1], [-0.64425, 0, -0.2895, 1], [-0.64425, 0.2, -0.2895, 1]]
top_wall12= [[-0.64425, 0.2, -0.2895, 1], [-0.64425, 0.2, -0.2672, 1], [-0.511, 0.2, -0.2895, 1], [-0.511, 0.2, -0.2672, 1]]
side_wall13= [[0.39945, 0, -0.42275, 1], [0.39945, 0.2, -0.42275, 1], [0.42175, 0, -0.42275, 1], [0.42175, 0.2, -0.42275, 1], [0.42175, 0, 0.2658, 1], [0.42175, 0.2, 0.2658, 1], [0.39945, 0, 0.2658, 1], [0.39945, 0.2, 0.2658, 1], [0.39945, 0, -0.42275, 1], [0.39945, 0.2, -0.42275, 1]]
top_wall13= [[0.39945, 0.2, -0.42275, 1], [0.39945, 0.2, 0.2658, 1], [0.42175, 0.2, -0.42275, 1], [0.42175, 0.2, 0.2658, 1]]
side_wall14= [[0.26645, 0, -0.2895, 1], [0.26645, 0.2, -0.2895, 1], [0.28875, 0, -0.2895, 1], [0.28875, 0.2, -0.2895, 1], [0.28875, 0, -0.13395, 1], [0.28875, 0.2, -0.13395, 1], [0.26645, 0, -0.13395, 1], [0.26645, 0.2, -0.13395, 1], [0.26645, 0, -0.2895, 1], [0.26645, 0.2, -0.2895, 1]]
top_wall14= [[0.26645, 0.2, -0.2895, 1], [0.26645, 0.2, -0.13395, 1], [0.28875, 0.2, -0.2895, 1], [0.28875, 0.2, -0.13395, 1]]
side_wall15= [[0.53295, 0, -0.2895, 1], [0.53295, 0.2, -0.2895, 1], [0.6662, 0, -0.2895, 1], [0.6662, 0.2, -0.2895, 1], [0.6662, 0, -0.2672, 1], [0.6662, 0.2, -0.2672, 1], [0.53295, 0, -0.2672, 1], [0.53295, 0.2, -0.2672, 1], [0.53295, 0, -0.2895, 1], [0.53295, 0.2, -0.2895, 1]]
top_wall15= [[0.53295, 0.2, -0.2895, 1], [0.53295, 0.2, -0.2672, 1], [0.6662, 0.2, -0.2895, 1], [0.6662, 0.2, -0.2672, 1]]
side_wall16= [[-5e-05, 0, -0.15625, 1], [-5e-05, 0.2, -0.15625, 1], [0.28875, 0, -0.15625, 1], [0.28875, 0.2, -0.15625, 1], [0.28875, 0, -0.13395, 1], [0.28875, 0.2, -0.13395, 1], [-5e-05, 0, -0.13395, 1], [-5e-05, 0.2, -0.13395, 1], [-5e-05, 0, -0.15625, 1], [-5e-05, 0.2, -0.15625, 1]]
top_wall16= [[-5e-05, 0.2, -0.15625, 1], [-5e-05, 0.2, -0.13395, 1], [0.28875, 0.2, -0.15625, 1], [0.28875, 0.2, -0.13395, 1]]
side_wall17= [[-0.5333, 0, -0.15625, 1], [-0.5333, 0.2, -0.15625, 1], [-0.11125, 0, -0.15625, 1], [-0.11125, 0.2, -0.15625, 1], [-0.11125, 0, -0.13395, 1], [-0.11125, 0.2, -0.13395, 1], [-0.5333, 0, -0.13395, 1], [-0.5333, 0.2, -0.13395, 1], [-0.5333, 0, -0.15625, 1], [-0.5333, 0.2, -0.15625, 1]]       
top_wall17= [[-0.5333, 0.2, -0.15625, 1], [-0.5333, 0.2, -0.13395, 1], [-0.11125, 0.2, -0.15625, 1], [-0.11125, 0.2, -0.13395, 1]]
side_wall18= [[0.39945, 0, -0.15625, 1], [0.39945, 0.2, -0.15625, 1], [0.555, 0, -0.15625, 1], [0.555, 0.2, -0.15625, 1], [0.555, 0, -0.13395, 1], [0.555, 0.2, -0.13395, 1], [0.39945, 0, -0.13395, 1], [0.39945, 0.2, -0.13395, 1], [0.39945, 0, -0.15625, 1], [0.39945, 0.2, -0.15625, 1]]
top_wall18= [[0.39945, 0.2, -0.15625, 1], [0.39945, 0.2, -0.13395, 1], [0.555, 0.2, -0.15625, 1], [0.555, 0.2, -0.13395, 1]]
side_wall19= [[-0.40005, 0, -0.15625, 1], [-0.40005, 0.2, -0.15625, 1], [-0.37775, 0, -0.15625, 1], [-0.37775, 0.2, -0.15625, 1], [-0.37775, 0, 0.5323, 1], [-0.37775, 0.2, 0.5323, 1], [-0.40005, 0, 0.5323, 1], [-0.40005, 0.2, 0.5323, 1], [-0.40005, 0, -0.15625, 1], [-0.40005, 0.2, -0.15625, 1]]
top_wall19= [[-0.40005, 0.2, -0.15625, 1], [-0.40005, 0.2, 0.5323, 1], [-0.37775, 0.2, -0.15625, 1], [-0.37775, 0.2, 0.5323, 1]]
side_wall20= [[-0.1333, 0, -0.556, 1], [-0.1333, 0.2, -0.556, 1], [-0.111, 0, -0.556, 1], [-0.111, 0.2, -0.556, 1], [-0.111, 0, 0.13255, 1], [-0.111, 0.2, 0.13255, 1], [-0.1333, 0, 0.13255, 1], [-0.1333, 0.2, 0.13255, 1], [-0.1333, 0, -0.556, 1], [-0.1333, 0.2, -0.556, 1]]
top_wall20= [[-0.1333, 0.2, -0.556, 1], [-0.1333, 0.2, 0.13255, 1], [-0.111, 0.2, -0.556, 1], [-0.111, 0.2, 0.13255, 1]]
side_wall21= [[-5e-05, 0, -0.15625, 1], [-5e-05, 0.2, -0.15625, 1], [0.02225, 0, -0.15625, 1], [0.02225, 0.2, -0.15625, 1], [0.02225, 0, 0.2658, 1], [0.02225, 0.2, 0.2658, 1], [-5e-05, 0, 0.2658, 1], [-5e-05, 0.2, 0.2658, 1], [-5e-05, 0, -0.15625, 1], [-5e-05, 0.2, -0.15625, 1]]
top_wall21= [[-5e-05, 0.2, -0.15625, 1], [-5e-05, 0.2, 0.2658, 1], [0.02225, 0.2, -0.15625, 1], [0.02225, 0.2, 0.2658, 1]]
side_wall22= [[-0.64425, 0, -0.023, 1], [-0.64425, 0.2, -0.023, 1], [-0.511, 0, -0.023, 1], [-0.511, 0.2, -0.023, 1], [-0.511, 0, -0.0007, 1], [-0.511, 0.2, -0.0007, 1], [-0.64425, 0, -0.0007, 1], [-0.64425, 0.2, -0.0007, 1], [-0.64425, 0, -0.023, 1], [-0.64425, 0.2, -0.023, 1]]
top_wall22= [[-0.64425, 0.2, -0.023, 1], [-0.64425, 0.2, -0.0007, 1], [-0.511, 0.2, -0.023, 1], [-0.511, 0.2, -0.0007, 1]]
side_wall23= [[-0.2668, 0, -0.023, 1], [-0.2668, 0.2, -0.023, 1], [-0.2445, 0, -0.023, 1], [-0.2445, 0.2, -0.023, 1], [-0.2445, 0, 0.64325, 1], [-0.2445, 0.2, 0.64325, 1], [-0.2668, 0, 0.64325, 1], [-0.2668, 0.2, 0.64325, 1], [-0.2668, 0, -0.023, 1], [-0.2668, 0.2, -0.023, 1]]
top_wall23= [[-0.2668, 0.2, -0.023, 1], [-0.2668, 0.2, 0.64325, 1], [-0.2445, 0.2, -0.023, 1], [-0.2445, 0.2, 0.64325, 1]]
side_wall24= [[0.13295, 0, -0.023, 1], [0.13295, 0.2, -0.023, 1], [0.42175, 0, -0.023, 1], [0.42175, 0.2, -0.023, 1], [0.42175, 0, -0.0007, 1], [0.42175, 0.2, -0.0007, 1], [0.13295, 0, -0.0007, 1], [0.13295, 0.2, -0.0007, 1], [0.13295, 0, -0.023, 1], [0.13295, 0.2, -0.023, 1]]
top_wall24= [[0.13295, 0.2, -0.023, 1], [0.13295, 0.2, -0.0007, 1], [0.42175, 0.2, -0.023, 1], [0.42175, 0.2, -0.0007, 1]]
side_wall25= [[0.13295, 0, -0.023, 1], [0.13295, 0.2, -0.023, 1], [0.15525, 0, -0.023, 1], [0.15525, 0.2, -0.023, 1], [0.15525, 0, 0.13255, 1], [0.15525, 0.2, 0.13255, 1], [0.13295, 0, 0.13255, 1], [0.13295, 0.2, 0.13255, 1], [0.13295, 0, -0.023, 1], [0.13295, 0.2, -0.023, 1]]
top_wall25= [[0.13295, 0.2, -0.023, 1], [0.13295, 0.2, 0.13255, 1], [0.15525, 0.2, -0.023, 1], [0.15525, 0.2, 0.13255, 1]]
side_wall26= [[0.5327, 0, -0.023, 1], [0.5327, 0.2, -0.023, 1], [0.6662, 0, -0.023, 1], [0.6662, 0.2, -0.023, 1], [0.6662, 0, -0.0007, 1], [0.6662, 0.2, -0.0007, 1], [0.5327, 0, -0.0007, 1], [0.5327, 0.2, -0.0007, 1], [0.5327, 0, -0.023, 1], [0.5327, 0.2, -0.023, 1]]
top_wall26= [[0.5327, 0.2, -0.023, 1], [0.5327, 0.2, -0.0007, 1], [0.6662, 0.2, -0.023, 1], [0.6662, 0.2, -0.0007, 1]]
side_wall27= [[0.5327, 0, -0.023, 1], [0.5327, 0.2, -0.023, 1], [0.555, 0, -0.023, 1], [0.555, 0.2, -0.023, 1], [0.555, 0, 0.13255, 1], [0.555, 0.2, 0.13255, 1], [0.5327, 0, 0.13255, 1], [0.5327, 0.2, 0.13255, 1], [0.5327, 0, -0.023, 1], [0.5327, 0.2, -0.023, 1]]
top_wall27= [[0.5327, 0.2, -0.023, 1], [0.5327, 0.2, 0.13255, 1], [0.555, 0.2, -0.023, 1], [0.555, 0.2, 0.13255, 1]]
side_wall28= [[-0.5333, 0, 0.11025, 1], [-0.5333, 0.2, 0.11025, 1], [-0.37775, 0, 0.11025, 1], [-0.37775, 0.2, 0.11025, 1], [-0.37775, 0, 0.13255, 1], [-0.37775, 0.2, 0.13255, 1], [-0.5333, 0, 0.13255, 1], [-0.5333, 0.2, 0.13255, 1], [-0.5333, 0, 0.11025, 1], [-0.5333, 0.2, 0.11025, 1]]
top_wall28= [[-0.5333, 0.2, 0.11025, 1], [-0.5333, 0.2, 0.13255, 1], [-0.37775, 0.2, 0.11025, 1], [-0.37775, 0.2, 0.13255, 1]]
side_wall29= [[-0.1333, 0, 0.11025, 1], [-0.1333, 0.2, 0.11025, 1], [0.02225, 0, 0.11025, 1], [0.02225, 0.2, 0.11025, 1], [0.02225, 0, 0.13255, 1], [0.02225, 0.2, 0.13255, 1], [-0.1333, 0, 0.13255, 1], [-0.1333, 0.2, 0.13255, 1], [-0.1333, 0, 0.11025, 1], [-0.1333, 0.2, 0.11025, 1]]
top_wall29= [[-0.1333, 0.2, 0.11025, 1], [-0.1333, 0.2, 0.13255, 1], [0.02225, 0.2, 0.11025, 1], [0.02225, 0.2, 0.13255, 1]]
side_wall30= [[-0.64425, 0, 0.2435, 1], [-0.64425, 0.2, 0.2435, 1], [-0.37775, 0, 0.2435, 1], [-0.37775, 0.2, 0.2435, 1], [-0.37775, 0, 0.2658, 1], [-0.37775, 0.2, 0.2658, 1], [-0.64425, 0, 0.2658, 1], [-0.64425, 0.2, 0.2658, 1], [-0.64425, 0, 0.2435, 1], [-0.64425, 0.2, 0.2435, 1]]
top_wall30= [[-0.64425, 0.2, 0.2435, 1], [-0.64425, 0.2, 0.2658, 1], [-0.37775, 0.2, 0.2435, 1], [-0.37775, 0.2, 0.2658, 1]]
side_wall31= [[-0.2668, 0, 0.2435, 1], [-0.2668, 0.2, 0.2435, 1], [-0.111, 0, 0.2435, 1], [-0.111, 0.2, 0.2435, 1], [-0.111, 0, 0.2658, 1], [-0.111, 0.2, 0.2658, 1], [-0.2668, 0, 0.2658, 1], [-0.2668, 0.2, 0.2658, 1], [-0.2668, 0, 0.2435, 1], [-0.2668, 0.2, 0.2435, 1]]
top_wall31= [[-0.2668, 0.2, 0.2435, 1], [-0.2668, 0.2, 0.2658, 1], [-0.111, 0.2, 0.2435, 1], [-0.111, 0.2, 0.2658, 1]]
side_wall32= [[0.02225, 0, 0.2435, 1], [0.02225, 0.2, 0.2435, 1], [0.28875, 0, 0.2435, 1], [0.28875, 0.2, 0.2435, 1], [0.28875, 0, 0.2658, 1], [0.28875, 0.2, 0.2658, 1], [0.02225, 0, 0.2658, 1], [0.02225, 0.2, 0.2658, 1], [0.02225, 0, 0.2435, 1], [0.02225, 0.2, 0.2435, 1]]
top_wall32= [[0.02225, 0.2, 0.2435, 1], [0.02225, 0.2, 0.2658, 1], [0.28875, 0.2, 0.2435, 1], [0.28875, 0.2, 0.2658, 1]]
side_wall33= [[-0.1333, 0, 0.2435, 1], [-0.1333, 0.2, 0.2435, 1], [-0.111, 0, 0.2435, 1], [-0.111, 0.2, 0.2435, 1], [-0.111, 0, 0.39905, 1], [-0.111, 0.2, 0.39905, 1], [-0.1333, 0, 0.39905, 1], [-0.1333, 0.2, 0.39905, 1], [-0.1333, 0, 0.2435, 1], [-0.1333, 0.2, 0.2435, 1]]
top_wall33= [[-0.1333, 0.2, 0.2435, 1], [-0.1333, 0.2, 0.39905, 1], [-0.111, 0.2, 0.2435, 1], [-0.111, 0.2, 0.39905, 1]]
side_wall34= [[0.26645, 0, 0.11025, 1], [0.26645, 0.2, 0.11025, 1], [0.28875, 0, 0.11025, 1], [0.28875, 0.2, 0.11025, 1], [0.28875, 0, 0.39905, 1], [0.28875, 0.2, 0.39905, 1], [0.26645, 0, 0.39905, 1], [0.26645, 0.2, 0.39905, 1], [0.26645, 0, 0.11025, 1], [0.26645, 0.2, 0.11025, 1]]
top_wall34= [[0.26645, 0.2, 0.11025, 1], [0.26645, 0.2, 0.39905, 1], [0.28875, 0.2, 0.11025, 1], [0.28875, 0.2, 0.39905, 1]]
side_wall35= [[0.39945, 0, 0.2435, 1], [0.39945, 0.2, 0.2435, 1], [0.6662, 0, 0.2435, 1], [0.6662, 0.2, 0.2435, 1], [0.6662, 0, 0.2658, 1], [0.6662, 0.2, 0.2658, 1], [0.39945, 0, 0.2658, 1], [0.39945, 0.2, 0.2658, 1], [0.39945, 0, 0.2435, 1], [0.39945, 0.2, 0.2435, 1]]
top_wall35= [[0.39945, 0.2, 0.2435, 1], [0.39945, 0.2, 0.2658, 1], [0.6662, 0.2, 0.2435, 1], [0.6662, 0.2, 0.2658, 1]]
side_wall36= [[-0.5333, 0, 0.37675, 1], [-0.5333, 0.2, 0.37675, 1], [-0.511, 0, 0.37675, 1], [-0.511, 0.2, 0.37675, 1], [-0.511, 0, 0.64325, 1], [-0.511, 0.2, 0.64325, 1], [-0.5333, 0, 0.64325, 1], [-0.5333, 0.2, 0.64325, 1], [-0.5333, 0, 0.37675, 1], [-0.5333, 0.2, 0.37675, 1]]
top_wall36= [[-0.5333, 0.2, 0.37675, 1], [-0.5333, 0.2, 0.64325, 1], [-0.511, 0.2, 0.37675, 1], [-0.511, 0.2, 0.64325, 1]]
side_wall38= [[0.26645, 0, 0.37675, 1], [0.26645, 0.2, 0.37675, 1], [0.55525, 0, 0.37675, 1], [0.55525, 0.2, 0.37675, 1], [0.55525, 0, 0.39905, 1], [0.55525, 0.2, 0.39905, 1], [0.26645, 0, 0.39905, 1], [0.26645, 0.2, 0.39905, 1], [0.26645, 0, 0.37675, 1], [0.26645, 0.2, 0.37675, 1]]
top_wall38= [[0.26645, 0.2, 0.37675, 1], [0.26645, 0.2, 0.39905, 1], [0.55525, 0.2, 0.37675, 1], [0.55525, 0.2, 0.39905, 1]]
side_wall37= [[-0.13355, 0, 0.37675, 1], [-0.13355, 0.2, 0.37675, 1], [0.15525, 0, 0.37675, 1], [0.15525, 0.2, 0.37675, 1], [0.15525, 0, 0.39905, 1], [0.15525, 0.2, 0.39905, 1], [-0.13355, 0, 0.39905, 1], [-0.13355, 0.2, 0.39905, 1], [-0.13355, 0, 0.37675, 1], [-0.13355, 0.2, 0.37675, 1]]
top_wall37= [[-0.13355, 0.2, 0.37675, 1], [-0.13355, 0.2, 0.39905, 1], [0.15525, 0.2, 0.37675, 1], [0.15525, 0.2, 0.39905, 1]]
side_wall39= [[0.13295, 0, 0.37675, 1], [0.13295, 0.2, 0.37675, 1], [0.15525, 0, 0.37675, 1], [0.15525, 0.2, 0.37675, 1], [0.15525, 0, 0.5323, 1], [0.15525, 0.2, 0.5323, 1], [0.13295, 0, 0.5323, 1], [0.13295, 0.2, 0.5323, 1], [0.13295, 0, 0.37675, 1], [0.13295, 0.2, 0.37675, 1]]
top_wall39= [[0.13295, 0.2, 0.37675, 1], [0.13295, 0.2, 0.5323, 1], [0.15525, 0.2, 0.37675, 1], [0.15525, 0.2, 0.5323, 1]]
side_wall40= [[0.39945, 0, 0.37675, 1], [0.39945, 0.2, 0.37675, 1], [0.42175, 0, 0.37675, 1], [0.42175, 0.2, 0.37675, 1], [0.42175, 0, 0.5323, 1], [0.42175, 0.2, 0.5323, 1], [0.39945, 0, 0.5323, 1], [0.39945, 0.2, 0.5323, 1], [0.39945, 0, 0.37675, 1], [0.39945, 0.2, 0.37675, 1]]
top_wall40= [[0.39945, 0.2, 0.37675, 1], [0.39945, 0.2, 0.5323, 1], [0.42175, 0.2, 0.37675, 1], [0.42175, 0.2, 0.5323, 1]]
side_wall41= [[-0.13355, 0, 0.51, 1], [-0.13355, 0.2, 0.51, 1], [0.022, 0, 0.51, 1], [0.022, 0.2, 0.51, 1], [0.022, 0, 0.5323, 1], [0.022, 0.2, 0.5323, 1], [-0.13355, 0, 0.5323, 1], [-0.13355, 0.2, 0.5323, 1], [-0.13355, 0, 0.51, 1], [-0.13355, 0.2, 0.51, 1]]
top_wall41= [[-0.13355, 0.2, 0.51, 1], [-0.13355, 0.2, 0.5323, 1], [0.022, 0.2, 0.51, 1], [0.022, 0.2, 0.5323, 1]]
side_wall42= [[-0.0003, 0, 0.51, 1], [-0.0003, 0.2, 0.51, 1], [0.022, 0, 0.51, 1], [0.022, 0.2, 0.51, 1], [0.022, 0, 0.64325, 1], [0.022, 0.2, 0.64325, 1], [-0.0003, 0, 0.64325, 1], [-0.0003, 0.2, 0.64325, 1], [-0.0003, 0, 0.51, 1], [-0.0003, 0.2, 0.51, 1]]
top_wall42= [[-0.0003, 0.2, 0.51, 1], [-0.0003, 0.2, 0.64325, 1], [0.022, 0.2, 0.51, 1], [0.022, 0.2, 0.64325, 1]]
side_wall43= [[0.13295, 0, 0.51, 1], [0.13295, 0.2, 0.51, 1], [0.2885, 0, 0.51, 1], [0.2885, 0.2, 0.51, 1], [0.2885, 0, 0.5323, 1], [0.2885, 0.2, 0.5323, 1], [0.13295, 0, 0.5323, 1], [0.13295, 0.2, 0.5323, 1], [0.13295, 0, 0.51, 1], [0.13295, 0.2, 0.51, 1]]
top_wall43= [[0.13295, 0.2, 0.51, 1], [0.13295, 0.2, 0.5323, 1], [0.2885, 0.2, 0.51, 1], [0.2885, 0.2, 0.5323, 1]]
side_wall44= [[0.5327, 0, 0.51, 1], [0.5327, 0.2, 0.51, 1], [0.55525, 0, 0.51, 1], [0.55525, 0.2, 0.51, 1], [0.55525, 0, 0.64325, 1], [0.55525, 0.2, 0.64325, 1], [0.5327, 0, 0.64325, 1], [0.5327, 0.2, 0.64325, 1], [0.5327, 0, 0.51, 1], [0.5327, 0.2, 0.51, 1]]
top_wall44= [[0.5327, 0.2, 0.51, 1], [0.5327, 0.2, 0.64325, 1], [0.55525, 0.2, 0.51, 1], [0.55525, 0.2, 0.64325, 1]]
side_outerBWall= [[-0.66655, 0, -0.68924, 1], [-0.66655, 0.2, -0.68924, 1], [0.6885, 0, -0.68924, 1], [0.6885, 0.2, -0.68924, 1], [0.6885, 0, -0.66694, 1], [0.6885, 0.2, -0.66694, 1], [-0.66655, 0, -0.66694, 1], [-0.66655, 0.2, -0.66694, 1], [-0.66655, 0, -0.68924, 1], [-0.66655, 0.2, -0.68924, 1]]     
top_outerBWall= [[-0.66655, 0.2, -0.68924, 1], [-0.66655, 0.2, -0.66694, 1], [0.6885, 0.2, -0.68924, 1], [0.6885, 0.2, -0.66694, 1]]
side_outerTWall= [[-0.66655, 0, 0.64325, 1], [-0.66655, 0.2, 0.64325, 1], [0.6885, 0, 0.64325, 1], [0.6885, 0.2, 0.64325, 1], [0.6885, 0, 0.66555, 1], [0.6885, 0.2, 0.66555, 1], [-0.66655, 0, 0.66555, 1], [-0.66655, 0.2, 0.66555, 1], [-0.66655, 0, 0.64325, 1], [-0.66655, 0.2, 0.64325, 1]]
top_outerTWall= [[-0.66655, 0.2, 0.64325, 1], [-0.66655, 0.2, 0.66555, 1], [0.6885, 0.2, 0.64325, 1], [0.6885, 0.2, 0.66555, 1]]
side_outerLWall= [[-0.66655, 0, -0.66694, 1], [-0.66655, 0.2, -0.66694, 1], [-0.64425, 0, -0.66695, 1], [-0.64425, 0.2, -0.66695, 1], [-0.64425, 0, 0.64325, 1], [-0.64425, 0.2, 0.64325, 1], [-0.66655, 0, 0.64325, 1], [-0.66655, 0.2, 0.64325, 1], [-0.66655, 0, -0.66694, 1], [-0.66655, 0.2, -0.66694, 1]] 
top_outerLWall= [[-0.66655, 0.2, -0.66694, 1], [-0.66655, 0.2, 0.64325, 1], [-0.64425, 0.2, -0.66695, 1], [-0.64425, 0.2, 0.64325, 1]]
side_outerRWall= [[0.6662, 0, -0.66694, 1], [0.6662, 0.2, -0.66694, 1], [0.6885, 0, -0.66694, 1], [0.6885, 0.2, -0.66694, 1], [0.6885, 0, 0.64325, 1], [0.6885, 0.2, 0.64325, 1], [0.6662, 0, 0.64325, 1], [0.6662, 0.2, 0.64325, 1], [0.6662, 0, -0.66694, 1], [0.6662, 0.2, -0.66694, 1]]
top_outerRWall= [[0.6662, 0.2, -0.66694, 1], [0.6662, 0.2, 0.64325, 1], [0.6885, 0.2, -0.66694, 1], [0.6885, 0.2, 0.64325, 1]]

parts = [
  wall1,
  wall2,
  wall3,
  wall4,
  wall5,
  wall6,
  wall7,
  wall8,
  wall9,
  wall10,
  wall11,
  wall12,
  wall13,
  wall14,
  wall15,
  wall16,
  wall17,
  wall18,
  wall19,
  wall20,
  wall21,
  wall22,
  wall23,
  wall24,
  wall25,
  wall26,
  wall27,
  wall28,
  wall29,
  wall30,
  wall31,
  wall32,
  wall33,
  wall34,
  wall35,
  wall36,
  wall38,
  wall37,
  wall39,
  wall40,
  wall41,
  wall42,
  wall43,
  wall44,
  outerBWall,
  outerRWall,
  outerTWall,
  outerLWall,
  side_wall1,
  side_wall2,
  side_wall3,
  side_wall4,
  side_wall5,
  side_wall6,
  side_wall7,
  side_wall8,
  side_wall9,
  side_wall10,
  side_wall11,
  side_wall12,
  side_wall13,
  side_wall14,
  side_wall15,
  side_wall16,
  side_wall17,
  side_wall18,
  side_wall19,
  side_wall20,
  side_wall21,
  side_wall22,
  side_wall23,
  side_wall24,
  side_wall25,
  side_wall26,
  side_wall27,
  side_wall28,
  side_wall29,
  side_wall30,
  side_wall31,
  side_wall32,
  side_wall33,
  side_wall34,
  side_wall35,
  side_wall36,
  side_wall38,
  side_wall37,
  side_wall39,
  side_wall40,
  side_wall41,
  side_wall42,
  side_wall43,
  side_wall44,
  side_outerBWall,
  side_outerRWall,
  side_outerTWall,
  side_outerLWall,
  top_wall1,
  top_wall2,
  top_wall3,
  top_wall4,
  top_wall5,
  top_wall6,
  top_wall7,
  top_wall8,
  top_wall9,
  top_wall10,
  top_wall11,
  top_wall12,
  top_wall13,
  top_wall14,
  top_wall15,
  top_wall16,
  top_wall17,
  top_wall18,
  top_wall19,
  top_wall20,
  top_wall21,
  top_wall22,
  top_wall23,
  top_wall24,
  top_wall25,
  top_wall26,
  top_wall27,
  top_wall28,
  top_wall29,
  top_wall30,
  top_wall31,
  top_wall32,
  top_wall33,
  top_wall34,
  top_wall35,
  top_wall36,
  top_wall38,
  top_wall37,
  top_wall39,
  top_wall40,
  top_wall41,
  top_wall42,
  top_wall43,
  top_wall44,
  top_outerBWall,
  top_outerRWall,
  top_outerTWall,
  top_outerLWall,
  inner

];


for i in range(len(parts)) :
  print("const", names[i] ,end ="=[")
  for j in range(len(parts[i])):
    temp = parts[i][j][1]
    parts[i][j][1] = parts[i][j][2]
    parts[i][j][2] = temp
    if j != len(parts[i])-1:
      print(parts[i][j], end=",")
    else:
      print(parts[i][j], end="")

  print("]")